Maimai data courtesy Jeff McDonnell           
1.0  ! stepsize (d)            
ST1: All data in mm/d           
ST2           
ST3           
*  ! list directed format ok here   
year,     month,   day,    hour,    min,    QC,   P (mm/d),  E (mm/d),  Q_obs (mm/d),  P-E (mm/d), 
1985		1		2		0		0		0		0.1		3.83002		0.2646			0
1985		1		3		0		0		0		4.2		3.83002		0.4426105		0.36998
1985		1		4		0		0		0		0		3.83002		0.3278842		0
1985		1		5		0		0		0		13.2	3.83002		0.5415158		9.36998
1985		1		6		0		0		0		2.4		3.83002		0.6209053		0
1985		1		7		0		0		0		14.3	3.83002		1.255737		10.46998
1985		1		8		0		0		0		4.4		3.83002		0.7436842		0.56998
1985		1		9		0		0		0		1.7		3.83002		0.4998316		0
1985		1		10		0		0		0		0		3.83002		0.2404421		0
1985		1		11		0		0		0		73.6	3.83002		27.27445		69.76998
1985		1		12		0		0		0		12.5	3.83002		9.322863		8.66998
1985		1		13		0		0		0		28.8	3.83002		20.34786		24.96998
1985		1		14		0		0		0		4.5		3.83002		8.321779		0.66998
1985		1		15		0		0		0		0.7		3.83002		2.6154			0
1985		1		16		0		0		0		0		3.83002		1.284632		0
1985		1		17		0		0		0		0		3.83002		0.7806316		0
1985		1		18		0		0		0		0		3.83002		0.664579		0
1985		1		19		0		0		0		0		3.83002		0.4436526		0
1985		1		20		0		0		0		0		3.83002		0.5167895		0
1985		1		21		0		0		0		10.2	3.83002		0.8257263		6.36998
1985		1		22		0		0		0		0.1		3.83002		0.7330736		0
1985		1		23		0		0		0		38.5	3.83002		7.130653		34.66998
1985		1		24		0		0		0		7.4		3.83002		6.315821		3.56998
1985		1		25		0		0		0		11.6	3.83002		4.054926		7.76998
1985		1		26		0		0		0		4.8		3.83002		5.349221		0.96998
1985		1		27		0		0		0		21.7	3.83002		10.0765			17.86998
1985		1		28		0		0		0		0		3.83002		8.067221		0
1985		1		29		0		0		0		0		3.83002		2.557421		0
1985		1		30		0		0		0		0		3.83002		1.534832		0
1985		1		31		0		0		0		0		3.83002		0.7624421		0
1985		2		1		0		0		0		0		3.83002		0.6407053		0
1985		2		2		0		0		0		15.5	3.59002		0.9910421		11.90998
1985		2		3		0		0		0		15		3.59002		4.991968		11.40998
1985		2		4		0		0		0		1.7		3.59002		1.295337		0
1985		2		5		0		0		0		0		3.59002		0.7198105		0
1985		2		6		0		0		0		0		3.59002		0.5662421		0
1985		2		7		0		0		0		0		3.59002		0.4458316		0
1985		2		8		0		0		0		0.2		3.59002		0.3369079		0
1985		2		9		0		0		0		0.7		3.59002		0.1528353		0
1985		2		10		0		0		0		0.8		3.59002		0.08265001		0
1985		2		11		0		0		0		0		3.59002		0.0783051		0
1985		2		12		0		0		0		0		3.59002		0.07486407		0
1985		2		13		0		0		0		0		3.59002		0.0715554		0
1985		2		14		0		0		0		0		3.59002		0.06837111		0
1985		2		15		0		0		0		1.2		3.59002		0.0653038		0
1985		2		16		0		0		0		14.2	3.59002		0.7552808		10.60998
1985		2		17		0		0		0		0		3.59002		0.2855369		0
1985		2		18		0		0		0		0.1		3.59002		0.1696737		0
1985		2		19		0		0		0		2.1		3.59002		0.2239579		0
1985		2		20		0		0		0		4.8		3.59002		0.3717474		1.20998
1985		2		21		0		0		0		0		3.59002		0.2715158		0
1985		2		22		0		0		0		0		3.59002		0.1360421		0
1985		2		23		0		0		0		0		3.59002		0.05864835		0
1985		2		24		0		0		0		0		3.59002		0.05539756		0
1985		2		25		0		0		0		0		3.59002		0.0527809		0
1985		2		26		0		0		0		0		3.59002		0.05025008		0
1985		2		27		0		0		0		0		3.59002		0.0478008		0
1985		2		28		0		0		0		1.1		3.59002		0.04542892		0
1985		3		1		0		0		0		36.1	3.59002		1.903951		32.50998
1985		3		2		0		0		0		7.7		2.82		4.572379		4.88
1985		3		3		0		0		0		0		2.82		0.4839158		0
1985		3		4		0		0		0		0		2.82		0.2279369		0
1985		3		5		0		0		0		2.1		2.82		0.1748842		0
1985		3		6		0		0		0		1.3		2.82		0.3125368		0
1985		3		7		0		0		0		12.3	2.82		1.113253		9.48
1985		3		8		0		0		0		0.4		2.82		0.5100632		0
1985		3		9		0		0		0		0		2.82		0.2978526		0
1985		3		10		0		0		0		0		2.82		0.2202631		0
1985		3		11		0		0		0		0		2.82		0.05995007		0
1985		3		12		0		0		0		0		2.82		0.05129443		0
1985		3		13		0		0		0		0		2.82		0.0488117		0
1985		3		14		0		0		0		12.3	2.82		0.4169165		9.48
1985		3		15		0		0		0		0		2.82		0.260621		0
1985		3		16		0		0		0		0		2.82		0.09323999		0
1985		3		17		0		0		0		0		2.82		0.06344321		0
1985		3		18		0		0		0		0.3		2.82		0.060552		0
1985		3		19		0		0		0		0		2.82		0.0577613		0
1985		3		20		0		0		0		0		2.82		0.05506562		0
1985		3		21		0		0		0		0		2.82		0.05245994		0
1985		3		22		0		0		0		0		2.82		0.04993954		0
1985		3		23		0		0		0		0		2.82		0.04750017		0
1985		3		24		0		0		0		0		2.82		0.0451377		0
1985		3		25		0		0		0		0		2.82		0.04284841		0
1985		3		26		0		0		0		0		2.82		0.04062878		0
1985		3		27		0		0		0		0		2.82		0.03847554		0
1985		3		28		0		0		0		0		2.82		0.03638562		0
1985		3		29		0		0		0		0		2.82		0.03435614		0
1985		3		30		0		0		0		0.2		2.82		0.03238443		0
1985		3		31		0		0		0		1.9		2.82		0.03046796		0
1985		4		1		0		0		0		0		2.82		0.02860438		0
1985		4		2		0		0		0		0		1.88998		0.0267914		0
1985		4		3		0		0		0		0		1.88998		0.02502694		0
1985		4		4		0		0		0		0		1.88998		0.02330904		0
1985		4		5		0		0		0		0		1.88998		0.02163583		0
1985		4		6		0		0		0		0		1.88998		0.02000556		0
1985		4		7		0		0		0		0		1.88998		0.01841649		0
1985		4		8		0		0		0		0		1.88998		0.01686711		0
1985		4		9		0		0		0		0.5		1.88998		0.01535592		0
1985		4		10		0		0		0		0		1.88998		0.01388147		0
1985		4		11		0		0		0		0		1.88998		0.01244249		0
1985		4		12		0		0		0		0		1.88998		0.01103759		0
1985		4		13		0		0		0		0		1.88998		0.00966564		0
1985		4		14		0		0		0		0		1.88998		0.0083255		0
1985		4		15		0		0		0		0		1.88998		0.00701603		0
1985		4		16		0		0		0		0		1.88998		0.00573619		0
1985		4		17		0		0		0		0		1.88998		0.00448498		0
1985		4		18		0		0		0		8.4		1.88998		0.00326152		6.51002
1985		4		19		0		0		0		21.5	1.88998		2.215705		19.61002
1985		4		20		0		0		0		82.2	1.88998		27.34371		80.31002
1985		4		21		0		0		0		39.1	1.88998		22.81159		37.21002
1985		4		22		0		0		0		39.3	1.88998		28.65591		37.41002
1985		4		23		0		0		0		23.8	1.88998		19.05755		21.91002
1985		4		24		0		0		0		5.8		1.88998		9.267916		3.91002
1985		4		25		0		0		0		0		1.88998		3.513505		0
1985		4		26		0		0		0		0.2		1.88998		1.881663		0
1985		4		27		0		0		0		0		1.88998		0.9917053		0
1985		4		28		0		0		0		0		1.88998		0.7296632		0
1985		4		29		0		0		0		0		1.88998		0.5998737		0
1985		4		30		0		0		0		0		1.88998		0.4815474		0
1985		5		1		0		0		0		0		1.88998		0.378379		0
1985		5		2		0		0		0		0		1.23		0.1537579		0
1985		5		3		0		0		0		0		1.23		0.1198421		0
1985		5		4		0		0		0		0		1.23		0.08952632		0
1985		5		5		0		0		0		0		1.23		0.05883157		0
1985		5		6		0		0		0		0.2		1.23		0.03060005		0
1985		5		7		0		0		0		1.2		1.23		0.0349579		0
1985		5		8		0		0		0		0		1.23		0.1085684		0
1985		5		9		0		0		0		0		1.23		0.09341051		0
1985		5		10		0		0		0		11.8	1.23		0.2915052		10.57
1985		5		11		0		0		0		25.7	1.23		10.12235		24.47
1985		5		12		0		0		0		0		1.23		2.363589		0
1985		5		13		0		0		0		0		1.23		0.9858316		0
1985		5		14		0		0		0		2.5		1.23		0.8764105		1.27
1985		5		15		0		0		0		0		1.23		0.6232737		0
1985		5		16		0		0		0		0		1.23		0.4477263		0
1985		5		17		0		0		0		0		1.23		0.3478737		0
1985		5		18		0		0		0		0		1.23		0.2981368		0
1985		5		19		0		0		0		0		1.23		0.2769158		0
1985		5		20		0		0		0		4.2		1.23		0.2757789		2.97
1985		5		21		0		0		0		3.5		1.23		0.8693053		2.27
1985		5		22		0		0		0		4.8		1.23		0.7148842		3.57
1985		5		23		0		0		0		0		1.23		0.4468737		0
1985		5		24		0		0		0		0		1.23		0.3642632		0
1985		5		25		0		0		0		0		1.23		0.3122526		0
1985		5		26		0		0		0		0		1.23		0.2670632		0
1985		5		27		0		0		0		0		1.23		0.2289789		0
1985		5		28		0		0		0		0		1.23		0.2071895		0
1985		5		29		0		0		0		0		1.23		0.1969579		0
1985		5		30		0		0		0		0		1.23		0.1189895		0
1985		5		31		0		0		0		0		1.23		0.1182316		0
1985		6		1		0		0		0		0		1.23		0.1289368		0
1985		6		2		0		0		0		0		0.9			0.1404			0
1985		6		3		0		0		0		0		0.9			0.1559369		0
1985		6		4		0		0		0		0		0.9			0.1719474		0
1985		6		5		0		0		0		0.9		0.9			0.1829368		0
1985		6		6		0		0		0		100.3	0.9			60.85516		99.4
1985		6		7		0		0		0		1.1		0.9			10.00478		0.2
1985		6		8		0		0		0		0		0.9			3.506305		0
1985		6		9		0		0		0		0		0.9			1.7982			0
1985		6		10		0		0		0		0		0.9			1.182032		0
1985		6		11		0		0		0		0.8		0.9			1.019842		0
1985		6		12		0		0		0		0.3		0.9			0.8644737		0
1985		6		13		0		0		0		0		0.9			0.5204842		0
1985		6		14		0		0		0		0		0.9			0.4592842		0
1985		6		15		0		0		0		0.3		0.9			0.4184526		0
1985		6		16		0		0		0		3.9		0.9			0.4459263		3
1985		6		17		0		0		0		13.4	0.9			3.0924			12.5
1985		6		18		0		0		0		7.6		0.9			1.920221		6.7
1985		6		19		0		0		0		12.6	0.9			8.587137		11.7
1985		6		20		0		0		0		4.9		0.9			4.710884		4
1985		6		21		0		0		0		57		0.9			36.8191			56.1
1985		6		22		0		0		0		14.9	0.9			26.27915		14
1985		6		23		0		0		0		0		0.9			4.863221		0
1985		6		24		0		0		0		0		0.9			2.346063		0
1985		6		25		0		0		0		0		0.9			1.233947		0
1985		6		26		0		0		0		0		0.9			0.9107053		0
1985		6		27		0		0		0		0		0.9			0.7914316		0
1985		6		28		0		0		0		0.6		0.9			0.7006737		0
1985		6		29		0		0		0		1.3		0.9			0.6537789		0.4
1985		6		30		0		0		0		1.5		0.9			0.6078316		0.6
1985		7		1		0		0		0		0		0.9			0.5618842		0
1985		7		2		0		0		0		1.3		0.97		0.5238			0.33
1985		7		3		0		0		0		0.8		0.97		0.5123368		0
1985		7		4		0		0		0		0		0.97		0.4052842		0
1985		7		5		0		0		0		0		0.97		0.3247579		0
1985		7		6		0		0		0		8.9		0.97		0.6977368		7.93
1985		7		7		0		0		0		2.5		0.97		1.017379		1.53
1985		7		8		0		0		0		16.2	0.97		3.451642		15.23
1985		7		9		0		0		0		3.5		0.97		4.119063		2.53
1985		7		10		0		0		0		20.2	0.97		7.473221		19.23
1985		7		11		0		0		0		0		0.97		6.286074		0
1985		7		12		0		0		0		0		0.97		3.494653		0
1985		7		13		0		0		0		14		0.97		5.217347		13.03
1985		7		14		0		0		0		0.9		0.97		4.788664		0
1985		7		15		0		0		0		1.6		0.97		3.338621		0.63
1985		7		16		0		0		0		0		0.97		2.222242		0
1985		7		17		0		0		0		28.7	0.97		5.544094		27.73
1985		7		18		0		0		0		72.8	0.97		52.49662		71.83
1985		7		19		0		0		0		25.9	0.97		35.96552		24.93
1985		7		20		0		0		0		0		0.97		6.116116		0
1985		7		21		0		0		0		0		0.97		3.195189		0
1985		7		22		0		0		0		0		0.97		2.137926		0
1985		7		23		0		0		0		0		0.97		1.509347		0
1985		7		24		0		0		0		0		0.97		1.207421		0
1985		7		25		0		0		0		0.4		0.97		1.045232		0
1985		7		26		0		0		0		0		0.97		0.8833263		0
1985		7		27		0		0		0		0		0.97		0.7216105		0
1985		7		28		0		0		0		0		0.97		0.5935263		0
1985		7		29		0		0		0		0		0.97		0.5222842		0
1985		7		30		0		0		0		0.2		0.97		0.4518			0
1985		7		31		0		0		0		14		0.97		0.957221		13.03
1985		8		1		0		0		0		7.4		0.97		2.417684		6.43
1985		8		2		0		0		0		2		1.42		1.946747		0.58
1985		8		3		0		0		0		0		1.42		1.204105		0
1985		8		4		0		0		0		0		1.42		0.8000526		0
1985		8		5		0		0		0		0.1		1.42		0.5742947		0
1985		8		6		0		0		0		0.1		1.42		0.4648737		0
1985		8		7		0		0		0		0		1.42		0.4477263		0
1985		8		8		0		0		0		0		1.42		0.5229473		0
1985		8		9		0		0		0		0		1.42		0.5275895		0
1985		8		10		0		0		0		8.3		1.42		0.6768			6.88
1985		8		11		0		0		0		21.9	1.42		8.370095		20.48
1985		8		12		0		0		0		3.5		1.42		4.21579			2.08
1985		8		13		0		0		0		2.1		1.42		2.863232		0.68
1985		8		14		0		0		0		0.2		1.42		1.779158		0
1985		8		15		0		0		0		0		1.42		1.194063		0
1985		8		16		0		0		0		0		1.42		1.024579		0
1985		8		17		0		0		0		0.1		1.42		0.9214105		0
1985		8		18		0		0		0		0		1.42		0.8259158		0
1985		8		19		0		0		0		9		1.42		0.8305579		7.58
1985		8		20		0		0		0		61.5	1.42		37.0313			60.08
1985		8		21		0		0		0		24.2	1.42		21.61374		22.78
1985		8		22		0		0		0		18.9	1.42		19.02553		17.48
1985		8		23		0		0		0		1.6		1.42		5.839958		0.18
1985		8		24		0		0		0		0.3		1.42		3.510853		0
1985		8		25		0		0		0		0.3		1.42		2.331663		0
1985		8		26		0		0		0		41		1.42		24.5483			39.58
1985		8		27		0		0		0		3		1.42		6.392085		1.58
1985		8		28		0		0		0		0		1.42		3.730169		0
1985		8		29		0		0		0		0		1.42		2.392105		0
1985		8		30		0		0		0		0		1.42		1.695411		0
1985		8		31		0		0		0		3.5		1.42		1.281126		2.08
1985		9		1		0		0		0		5.4		1.42		2.448095		3.98
1985		9		2		0		0		0		3.4		1.88		2.28799			1.52
1985		9		3		0		0		0		0.1		1.88		1.458379		0
1985		9		4		0		0		0		43.9	1.88		15.28683		42.02
1985		9		5		0		0		0		80.2	1.88		59.00314		78.32
1985		9		6		0		0		0		20.1	1.88		25.55934		18.22
1985		9		7		0		0		0		10.3	1.88		12.01377		8.42
1985		9		8		0		0		0		2		1.88		5.009211		0.12
1985		9		9		0		0		0		5		1.88		3.33881			3.12
1985		9		10		0		0		0		2.2		1.88		2.966969		0.32
1985		9		11		0		0		0		7.1		1.88		2.404137		5.22
1985		9		12		0		0		0		11.4	1.88		8.897589		9.52
1985		9		13		0		0		0		0		1.88		3.602558		0
1985		9		14		0		0		0		0		1.88		2.443737		0
1985		9		15		0		0		0		0		1.88		1.699011		0
1985		9		16		0		0		0		0		1.88		1.210074		0
1985		9		17		0		0		0		0		1.88		0.9443368		0
1985		9		18		0		0		0		0		1.88		0.8321684		0
1985		9		19		0		0		0		0		1.88		0.7105263		0
1985		9		20		0		0		0		0		1.88		0.5924842		0
1985		9		21		0		0		0		0		1.88		0.4985053		0
1985		9		22		0		0		0		0		1.88		0.4488632		0
1985		9		23		0		0		0		0		1.88		0.3999789		0
1985		9		24		0		0		0		0		1.88		0.3569684		0
1985		9		25		0		0		0		0		1.88		0.3271263		0
1985		9		26		0		0		0		0		1.88		0.1904211		0
1985		9		27		0		0		0		39.2	1.88		4.264958		37.32
1985		9		28		0		0		0		21.9	1.88		10.66311		20.02
1985		9		29		0		0		0		10.4	1.88		6.319895		8.52
1985		9		30		0		0		0		18.3	1.88		8.224579		16.42
1985		10		1		0		0		0		7.5		1.88		8.979063		5.62
1985		10		2		0		0		0		0		2.40002		3.092874		0
1985		10		3		0		0		0		0		2.40002		2.178569		0
1985		10		4		0		0		0		2.6		2.40002		1.424558		0.19998
1985		10		5		0		0		0		0		2.40002		1.181653		0
1985		10		6		0		0		0		0		2.40002		1.0242			0
1985		10		7		0		0		0		0		2.40002		0.9360948		0
1985		10		8		0		0		0		0.2		2.40002		0.8952632		0
1985		10		9		0		0		0		0.2		2.40002		0.7558105		0
1985		10		10		0		0		0		0.2		2.40002		0.6611684		0
1985		10		11		0		0		0		5.4		2.40002		0.8574632		2.99998
1985		10		12		0		0		0		0		2.40002		0.6555789		0
1985		10		13		0		0		0		0.2		2.40002		0.5824421		0
1985		10		14		0		0		0		22.8	2.40002		3.516063		20.39998
1985		10		15		0		0		0		0		2.40002		1.817053		0
1985		10		16		0		0		0		0		2.40002		1.029411		0
1985		10		17		0		0		0		0		2.40002		0.8208			0
1985		10		18		0		0		0		0		2.40002		0.6088737		0
1985		10		19		0		0		0		0		2.40002		0.4194948		0
1985		10		20		0		0		0		13.6	2.40002		0.7173474		11.19998
1985		10		21		0		0		0		0.3		2.40002		0.5433158		0
1985		10		22		0		0		0		2.3		2.40002		0.4450737		0
1985		10		23		0		0		0		0		2.40002		0.446021		0
1985		10		24		0		0		0		23.1	2.40002		3.233937		20.69998
1985		10		25		0		0		0		0		2.40002		2.432558		0
1985		10		26		0		0		0		2.4		2.40002		0.9951158		0
1985		10		27		0		0		0		0		2.40002		0.7093895		0
1985		10		28		0		0		0		0		2.40002		0.4945263		0
1985		10		29		0		0		0		0		2.40002		0.4347474		0
1985		10		30		0		0		0		0		2.40002		0.3550737		0
1985		10		31		0		0		0		0		2.40002		0.1566			0
1985		11		1		0		0		0		0		2.40002		0.1424842		0
1985		11		2		0		0		0		29.7	2.99		2.2122			26.71
1985		11		3		0		0		0		16.9	2.99		4.61179			13.91
1985		11		4		0		0		0		16.7	2.99		5.364284		13.71
1985		11		5		0		0		0		3.6		2.99		6.457926		0.61
1985		11		6		0		0		0		8.4		2.99		2.297179		5.41
1985		11		7		0		0		0		0		2.99		2.025569		0
1985		11		8		0		0		0		0.1		2.99		1.028653		0
1985		11		9		0		0		0		0		2.99		0.5881263		0
1985		11		10		0		0		0		0		2.99		0.3800842		0
1985		11		11		0		0		0		0		2.99		0.3194526		0
1985		11		12		0		0		0		0		2.99		0.2813684		0
1985		11		13		0		0		0		7.5		2.99		0.4068947		4.51
1985		11		14		0		0		0		0		2.99		0.3435158		0
1985		11		15		0		0		0		0		2.99		0.178579		0
1985		11		16		0		0		0		0		2.99		0.1274211		0
1985		11		17		0		0		0		0		2.99		0.09			0
1985		11		18		0		0		0		0		2.99		0.04848484		0
1985		11		19		0		0		0		2.8		2.99		0.0899593		0
1985		11		20		0		0		0		13.3	2.99		0.3066631		10.31
1985		11		21		0		0		0		30.4	2.99		7.019526		27.41
1985		11		22		0		0		0		8.9		2.99		4.659631		5.91
1985		11		23		0		0		0		0.8		2.99		2.378463		0
1985		11		24		0		0		0		1.8		2.99		1.296663		0
1985		11		25		0		0		0		3.7		2.99		1.140442		0.71
1985		11		26		0		0		0		0		2.99		0.7155474		0
1985		11		27		0		0		0		0		2.99		0.3923052		0
1985		11		28		0		0		0		0.9		2.99		0.2278421		0
1985		11		29		0		0		0		0		2.99		0.1894737		0
1985		11		30		0		0		0		0		2.99		0.1656			0
1985		12		1		0		0		0		28.4	2.99		1.506411		25.41
1985		12		2		0		0		0		15.7	3.69		9.424327		12.01
1985		12		3		0		0		0		27.6	3.69		11.56528		23.91
1985		12		4		0		0		0		18.8	3.69		13.61122		15.11
1985		12		5		0		0		0		0		3.69		3.626147		0
1985		12		6		0		0		0		0		3.69		1.587979		0
1985		12		7		0		0		0		0		3.69		0.7717263		0
1985		12		8		0		0		0		1.1		3.69		0.6089684		0
1985		12		9		0		0		0		21		3.69		3.800179		17.31
1985		12		10		0		0		0		0		3.69		1.917095		0
1985		12		11		0		0		0		0		3.69		0.7758			0
1985		12		12		0		0		0		0		3.69		0.4223368		0
1985		12		13		0		0		0		0		3.69		0.3468316		0
1985		12		14		0		0		0		0		3.69		0.2581579		0
1985		12		15		0		0		0		8.9		3.69		0.4307684		5.21
1985		12		16		0		0		0		11.3	3.69		1.713126		7.61
1985		12		17		0		0		0		30.5	3.69		10.40239		26.81
1985		12		18		0		0		0		0.7		3.69		5.575169		0
1985		12		19		0		0		0		5		3.69		2.1438			1.31
1985		12		20		0		0		0		0.6		3.69		1.505084		0
1985		12		21		0		0		0		34.9	3.69		12.6611			31.21
1985		12		22		0		0		0		1.3		3.69		8.898537		0
1985		12		23		0		0		0		76.9	3.69		53.56194		73.21
1985		12		24		0		0		0		35.9	3.69		28.13893		32.21
1985		12		25		0		0		0		7.3		3.69		10.13675		3.61
1985		12		26		0		0		0		0.9		3.69		4.347853		0
1985		12		27		0		0		0		26.3	3.69		10.69134		22.61
1985		12		28		0		0		0		1.5		3.69		6.770084		0
1985		12		29		0		0		0		24.1	3.69		12.53672		20.41
1985		12		30		0		0		0		0.2		3.69		6.804379		0
1985		12		31		0		0		0		0		3.69		2.774274		0
1986		1		1		0		0		0		0.2		3.69		1.278095		0
1986		1		2		0		0		0		0		3.83002		0.8888211		0
1986		1		3		0		0		0		14.7	3.83002		2.072274		10.86998
1986		1		4		0		0		0		23.8	3.83002		3.23299			19.96998
1986		1		5		0		0		0		0.1		3.83002		6.697516		0
1986		1		6		0		0		0		0		3.83002		1.457905		0
1986		1		7		0		0		0		0		3.83002		0.7792106		0
1986		1		8		0		0		0		0.5		3.83002		0.5598			0
1986		1		9		0		0		0		3		3.83002		0.5681368		0
1986		1		10		0		0		0		25.3	3.83002		5.1498			21.46998
1986		1		11		0		0		0		0.3		3.83002		2.422705		0
1986		1		12		0		0		0		0		3.83002		1.009326		0
1986		1		13		0		0		0		22.5	3.83002		6.035116		18.66998
1986		1		14		0		0		0		0.9		3.83002		2.472821		0
1986		1		15		0		0		0		2.3		3.83002		1.443411		0
1986		1		16		0		0		0		0		3.83002		1.323568		0
1986		1		17		0		0		0		0		3.83002		1.070905		0
1986		1		18		0		0		0		0		3.83002		0.8184316		0
1986		1		19		0		0		0		0		3.83002		0.5875579		0
1986		1		20		0		0		0		0		3.83002		0.4870421		0
1986		1		21		0		0		0		0		3.83002		0.4081263		0
1986		1		22		0		0		0		0		3.83002		0.3307263		0
1986		1		23		0		0		0		0		3.83002		0.2855368		0
1986		1		24		0		0		0		0		3.83002		0.2591053		0
1986		1		25		0		0		0		9		3.83002		0.3388737		5.16998
1986		1		26		0		0		0		121		3.83002		52.40861		117.16998
1986		1		27		0		0		0		7.9		3.83002		18.84221		4.06998
1986		1		28		0		0		0		1.2		3.83002		2.900937		0
1986		1		29		0		0		0		3.1		3.83002		1.585042		0
1986		1		30		0		0		0		0		3.83002		0.8537684		0
1986		1		31		0		0		0		0		3.83002		0.5987368		0
1986		2		1		0		0		0		0		3.83002		0.4179789		0
1986		2		2		0		0		0		0		3.59002		0.3312947		0
1986		2		3		0		0		0		0		3.59002		0.3046737		0
1986		2		4		0		0		0		0		3.59002		0.3145263		0
1986		2		5		0		0		0		0		3.59002		0.3571579		0
1986		2		6		0		0		0		0		3.59002		0.2712316		0
1986		2		7		0		0		0		0		3.59002		0.1650316		0
1986		2		8		0		0		0		4.2		3.59002		0.1692			0.60998
1986		2		9		0		0		0		0		3.59002		0.1815158		0
1986		2		10		0		0		0		0		3.59002		0.1941158		0
1986		2		11		0		0		0		0		3.59002		0.1943018		0
1986		2		12		0		0		0		0.4		3.59002		0.1141517		0
1986		2		13		0		0		0		2.7		3.59002		0.08067691		0
1986		2		14		0		0		0		1.1		3.59002		0.07714287		0
1986		2		15		0		0		0		19.9	3.59002		0.2392962		16.30998
1986		2		16		0		0		0		0.5		3.59002		0.7051263		0
1986		2		17		0		0		0		10		3.59002		0.08469472		6.40998
1986		2		18		0		0		0		5.1		3.59002		0.7106211		1.50998
1986		2		19		0		0		0		15		3.59002		1.938884		11.40998
1986		2		20		0		0		0		2.1		3.59002		0.4104948		0
1986		2		21		0		0		0		48.8	3.59002		16.82214		45.20998
1986		2		22		0		0		0		6.7		3.59002		1.6254			3.10998
1986		2		23		0		0		0		1.9		3.59002		2.168905		0
1986		2		24		0		0		0		24.3	3.59002		7.672642		20.70998
1986		2		25		0		0		0		22.7	3.59002		6.087411		19.10998
1986		2		26		0		0		0		20.4	3.59002		20.36634		16.80998
1986		2		27		0		0		0		3.9		3.59002		5.325253		0.30998
1986		2		28		0		0		0		0.7		3.59002		3.149716		0
1986		3		1		0		0		0		1		3.59002		1.950632		0
1986		3		2		0		0		0		0		2.82		1.3662			0
1986		3		3		0		0		0		0		2.82		0.9480315		0
1986		3		4		0		0		0		6.2		2.82		1.156074		3.38
1986		3		5		0		0		0		0		2.82		0.9414947		0
1986		3		6		0		0		0		0		2.82		0.6407052		0
1986		3		7		0		0		0		0		2.82		0.4646842		0
1986		3		8		0		0		0		0		2.82		0.2851579		0
1986		3		9		0		0		0		0		2.82		0.1657895		0
1986		3		10		0		0		0		0		2.82		0.1561264		0
1986		3		11		0		0		0		0.2		2.82		0.1531895		0
1986		3		12		0		0		0		3.3		2.82		0.1564105		0.48
1986		3		13		0		0		0		33.6	2.82		2.419389		30.78
1986		3		14		0		0		0		12.2	2.82		6.719779		9.38
1986		3		15		0		0		0		1.8		2.82		2.663811		0
1986		3		16		0		0		0		7.9		2.82		2.189842		5.08
1986		3		17		0		0		0		1.2		2.82		1.542979		0
1986		3		18		0		0		0		2.8		2.82		0.8406			0
1986		3		19		0		0		0		0		2.82		0.6114316		0
1986		3		20		0		0		0		0		2.82		0.4380632		0
1986		3		21		0		0		0		0		2.82		0.3465474		0
1986		3		22		0		0		0		0		2.82		0.2550316		0
1986		3		23		0		0		0		0		2.82		0.2075684		0
1986		3		24		0		0		0		0		2.82		0.2249052		0
1986		3		25		0		0		0		2		2.82		0.3222947		0
1986		3		26		0		0		0		7.6		2.82		0.6049895		4.78
1986		3		27		0		0		0		0		2.82		0.2374105		0
1986		3		28		0		0		0		0		2.82		0.2022632		0
1986		3		29		0		0		0		19.5	2.82		2.096148		16.68
1986		3		30		0		0		0		0		2.82		0.9108			0
1986		3		31		0		0		0		0		2.82		0.4270737		0
1986		4		1		0		0		0		0		2.82		0.3259894		0
1986		4		2		0		0		0		0		1.88998		0.2892316		0
1986		4		3		0		0		0		3.1		1.88998		0.2895158		1.21002
1986		4		4		0		0		0		3.3		1.88998		0.4612737		1.41002
1986		4		5		0		0		0		6.1		1.88998		0.7133684		4.21002
1986		4		6		0		0		0		9.5		1.88998		0.6756632		7.61002
1986		4		7		0		0		0		93.1	1.88998		53.11014		91.21002
1986		4		8		0		0		0		0.8		1.88998		5.526758		0
1986		4		9		0		0		0		0		1.88998		1.756421		0
1986		4		10		0		0		0		13.4	1.88998		1.887726		11.51002
1986		4		11		0		0		0		1		1.88998		2.818327		0
1986		4		12		0		0		0		0		1.88998		1.478084		0
1986		4		13		0		0		0		11		1.88998		1.75841			9.11002
1986		4		14		0		0		0		5.8		1.88998		4.179316		3.91002
1986		4		15		0		0		0		0		1.88998		2.083642		0
1986		4		16		0		0		0		0		1.88998		1.425126		0
1986		4		17		0		0		0		0		1.88998		1.152853		0
1986		4		18		0		0		0		0		1.88998		0.8301789		0
1986		4		19		0		0		0		0		1.88998		0.5759053		0
1986		4		20		0		0		0		0		1.88998		0.4884632		0
1986		4		21		0		0		0		0.7		1.88998		0.4398631		0
1986		4		22		0		0		0		9.7		1.88998		1.277337		7.81002
1986		4		23		0		0		0		2.2		1.88998		0.9587368		0.31002
1986		4		24		0		0		0		0		1.88998		0.9415895		0
1986		4		25		0		0		0		0		1.88998		0.8495053		0
1986		4		26		0		0		0		2.8		1.88998		1.128884		0.91002
1986		4		27		0		0		0		21.8	1.88998		8.448821		19.91002
1986		4		28		0		0		0		37.8	1.88998		28.34166		35.91002
1986		4		29		0		0		0		11.3	1.88998		5.211379		9.41002
1986		4		30		0		0		0		3.8		1.88998		6.156			1.91002
1986		5		1		0		0		0		0		1.88998		3.107084		0
1986		5		2		0		0		0		12.9	1.23		3.996663		11.67
1986		5		3		0		0		0		5.9		1.23		4.563474		4.67
1986		5		4		0		0		0		0		1.23		3.206274		0
1986		5		5		0		0		0		19.3	1.23		6.483979		18.07
1986		5		6		0		0		0		4.5		1.23		6.599653		3.27
1986		5		7		0		0		0		0		1.23		4.066105		0
1986		5		8		0		0		0		0		1.23		2.981937		0
1986		5		9		0		0		0		0		1.23		2.063368		0
1986		5		10		0		0		0		0		1.23		1.197663		0
1986		5		11		0		0		0		1.9		1.23		0.8867369		0.67
1986		5		12		0		0		0		19.1	1.23		6.34879			17.87
1986		5		13		0		0		0		0		1.23		2.419105		0
1986		5		14		0		0		0		0		1.23		1.562779		0
1986		5		15		0		0		0		0		1.23		1.276958		0
1986		5		16		0		0		0		0		1.23		1.025905		0
1986		5		17		0		0		0		6.3		1.23		0.9628105		5.07
1986		5		18		0		0		0		28.1	1.23		12.41924		26.87
1986		5		19		0		0		0		1.9		1.23		4.061842		0.67
1986		5		20		0		0		0		0		1.23		2.556379		0
1986		5		21		0		0		0		31.4	1.23		11.30362		30.17
1986		5		22		0		0		0		12.2	1.23		15.22516		10.97
1986		5		23		0		0		0		1.5		1.23		6.62779			0.27
1986		5		24		0		0		0		0		1.23		3.377653		0
1986		5		25		0		0		0		0.8		1.23		2.392863		0
1986		5		26		0		0		0		0		1.23		1.823684		0
1986		5		27		0		0		0		0		1.23		1.563726		0
1986		5		28		0		0		0		0		1.23		1.231674		0
1986		5		29		0		0		0		0		1.23		0.8112316		0
1986		5		30		0		0		0		2.2		1.23		0.704179		0.97
1986		5		31		0		0		0		49.1	1.23		13.13109		47.87
1986		6		1		0		0		0		18.3	1.23		19.69882		17.07
1986		6		2		0		0		0		14.6	0.9			15.40743		13.7
1986		6		3		0		0		0		0		0.9			4.129674		0
1986		6		4		0		0		0		0		0.9			2.466189		0
1986		6		5		0		0		0		22.5	0.9			6.072253		21.6
1986		6		6		0		0		0		5.6		0.9			7.871684		4.7
1986		6		7		0		0		0		0		0.9			3.437716		0
1986		6		8		0		0		0		0		0.9			2.253221		0
1986		6		9		0		0		0		0		0.9			1.756705		0
1986		6		10		0		0		0		24.2	0.9			4.263632		23.3
1986		6		11		0		0		0		20.1	0.9			9.676231		19.2
1986		6		12		0		0		0		8.8		0.9			15.69846		7.9
1986		6		13		0		0		0		20		0.9			7.55119			19.1
1986		6		14		0		0		0		1.6		0.9			10.44256		0.7
1986		6		15		0		0		0		0		0.9			4.090547		0
1986		6		16		0		0		0		3.6		0.9			2.945085		2.7
1986		6		17		0		0		0		0		0.9			2.176011		0
1986		6		18		0		0		0		0		0.9			1.542316		0
1986		6		19		0		0		0		0		0.9			1.239821		0
1986		6		20		0		0		0		0		0.9			1.054421		0
1986		6		21		0		0		0		0.6		0.9			0.9856421		0
1986		6		22		0		0		0		61.6	0.9			25.99598		60.7
1986		6		23		0		0		0		13.7	0.9			19.30481		12.8
1986		6		24		0		0		0		12.2	0.9			7.962632		11.3
1986		6		25		0		0		0		12.5	0.9			11.82619		11.6
1986		6		26		0		0		0		4.1		0.9			7.364653		3.2
1986		6		27		0		0		0		0.8		0.9			5.269358		0
1986		6		28		0		0		0		7.9		0.9			4.178653		7
1986		6		29		0		0		0		29.7	0.9			18.59391		28.8
1986		6		30		0		0		0		18.2	0.9			17.68737		17.3
1986		7		1		0		0		0		0		0.9			8.816779		0
1986		7		2		0		0		0		0		0.97		4.587253		0
1986		7		3		0		0		0		0		0.97		3.029684		0
1986		7		4		0		0		0		0		0.97		2.135558		0
1986		7		5		0		0		0		0		0.97		1.550084		0
1986		7		6		0		0		0		0		0.97		1.296568		0
1986		7		7		0		0		0		22.3	0.97		4.986758		21.33
1986		7		8		0		0		0		6		0.97		5.453906		5.03
1986		7		9		0		0		0		0		0.97		3.855316		0
1986		7		10		0		0		0		0		0.97		3.015379		0
1986		7		11		0		0		0		5.7		0.97		3.5352			4.73
1986		7		12		0		0		0		0		0.97		3.010169		0
1986		7		13		0		0		0		0		0.97		1.882421		0
1986		7		14		0		0		0		0		0.97		1.454021		0
1986		7		15		0		0		0		0		0.97		1.183453		0
1986		7		16		0		0		0		0		0.97		0.9299368		0
1986		7		17		0		0		0		0		0.97		0.7901053		0
1986		7		18		0		0		0		0		0.97		0.7222737		0
1986		7		19		0		0		0		0		0.97		0.6574737		0
1986		7		20		0		0		0		0		0.97		0.5983579		0
1986		7		21		0		0		0		0		0.97		0.5395263		0
1986		7		22		0		0		0		0		0.97		0.4845789		0
1986		7		23		0		0		0		0		0.97		0.4990737		0
1986		7		24		0		0		0		0		0.97		0.4833473		0
1986		7		25		0		0		0		50.7	0.97		14.14753		49.73
1986		7		26		0		0		0		38.9	0.97		31.87658		37.93
1986		7		27		0		0		0		5.4		0.97		9.111979		4.43
1986		7		28		0		0		0		3.2		0.97		4.196369		2.23
1986		7		29		0		0		0		24.2	0.97		10.5282			23.23
1986		7		30		0		0		0		5.6		0.97		9.747853		4.63
1986		7		31		0		0		0		16.7	0.97		11.50011		15.73
1986		8		1		0		0		0		19.3	0.97		10.45137		18.33
1986		8		2		0		0		0		32.2	1.42		31.03645		30.78
1986		8		3		0		0		0		0		1.42		8.7516			0
1986		8		4		0		0		0		0		1.42		4.163021		0
1986		8		5		0		0		0		0		1.42		3.113242		0
1986		8		6		0		0		0		0		1.42		2.371926		0
1986		8		7		0		0		0		0		1.42		1.677789		0
1986		8		8		0		0		0		2.2		1.42		1.103968		0.78
1986		8		9		0		0		0		3.8		1.42		1.104253		2.38
1986		8		10		0		0		0		1.5		1.42		0.9910421		0.0800000000000001
1986		8		11		0		0		0		0.8		1.42		0.8847474		0
1986		8		12		0		0		0		0		1.42		0.6972632		0
1986		8		13		0		0		0		0		1.42		0.5874632		0
1986		8		14		0		0		0		0		1.42		0.534221		0
1986		8		15		0		0		0		0		1.42		0.5087369		0
1986		8		16		0		0		0		0		1.42		0.4956631		0
1986		8		17		0		0		0		0		1.42		0.4979369		0
1986		8		18		0		0		0		0		1.42		0.4981264		0
1986		8		19		0		0		0		0.5		1.42		0.5008738		0
1986		8		20		0		0		0		58.4	1.42		24.51808		56.98
1986		8		21		0		0		0		0.6		1.42		11.26402		0
1986		8		22		0		0		0		9.9		1.42		6.150506		8.48
1986		8		23		0		0		0		2.4		1.42		8.082			0.98
1986		8		24		0		0		0		0		1.42		5.326863		0
1986		8		25		0		0		0		0		1.42		3.645948		0
1986		8		26		0		0		0		0		1.42		2.758074		0
1986		8		27		0		0		0		0		1.42		2.363874		0
1986		8		28		0		0		0		0		1.42		1.6524			0
1986		8		29		0		0		0		0		1.42		0.8167263		0
1986		8		30		0		0		0		0		1.42		0.586421		0
1986		8		31		0		0		0		0		1.42		0.5170737		0
1986		9		1		0		0		0		0.6		1.42		0.4847684		0
1986		9		2		0		0		0		16.1	1.88		2.1114			14.22
1986		9		3		0		0		0		17.9	1.88		3.422274		16.02
1986		9		4		0		0		0		2.1		1.88		4.668537		0.22
1986		9		5		0		0		0		0		1.88		2.172884		0
1986		9		6		0		0		0		0		1.88		1.376432		0
1986		9		7		0		0		0		4.2		1.88		1.075832		2.32
1986		9		8		0		0		0		42.8	1.88		21.47637		40.92
1986		9		9		0		0		0		4.9		1.88		8.170295		3.02
1986		9		10		0		0		0		0		1.88		3.305653		0
1986		9		11		0		0		0		0.4		1.88		1.995916		0
1986		9		12		0		0		0		12.9	1.88		2.526442		11.02
1986		9		13		0		0		0		2.9		1.88		3.620937		1.02
1986		9		14		0		0		0		0.5		1.88		2.125232		0
1986		9		15		0		0		0		16.2	1.88		2.500674		14.32
1986		9		16		0		0		0		70.4	1.88		54.17564		68.52
1986		9		17		0		0		0		0.4		1.88		6.254432		0
1986		9		18		0		0		0		0		1.88		3.058674		0
1986		9		19		0		0		0		0		1.88		1.980853		0
1986		9		20		0		0		0		0		1.88		1.425979		0
1986		9		21		0		0		0		0		1.88		1.114674		0
1986		9		22		0		0		0		0		1.88		0.9076737		0
1986		9		23		0		0		0		0		1.88		0.9656526		0
1986		9		24		0		0		0		0		1.88		1.964179		0
1986		9		25		0		0		0		0		1.88		1.396705		0
1986		9		26		0		0		0		5.4		1.88		0.2874316		3.52
1986		9		27		0		0		0		0		1.88		0.1807579		0
1986		9		28		0		0		0		5.6		1.88		0.3355579		3.72
1986		9		29		0		0		0		0.2		1.88		0.2051053		0
1986		9		30		0		0		0		0.8		1.88		0.1154842		0
1986		10		1		0		0		0		0.7		1.88		0.09312632		0
1986		10		2		0		0		0		0		2.40002		0.0956842		0
1986		10		3		0		0		0		2.3		2.40002		0.3387789		0
1986		10		4		0		0		0		27.1	2.40002		4.890789		24.69998
1986		10		5		0		0		0		22		2.40002		5.451632		19.59998
1986		10		6		0		0		0		7.2		2.40002		11.59617		4.79998
1986		10		7		0		0		0		0		2.40002		3.979895		0
1986		10		8		0		0		0		0		2.40002		1.957453		0
1986		10		9		0		0		0		6.4		2.40002		1.193305		3.99998
1986		10		10		0		0		0		0.9		2.40002		1.029695		0
1986		10		11		0		0		0		1.8		2.40002		0.8653263		0
1986		10		12		0		0		0		4.1		2.40002		1.133242		1.69998
1986		10		13		0		0		0		0.5		2.40002		0.8517789		0
1986		10		14		0		0		0		10.6	2.40002		1.171137		8.19998
1986		10		15		0		0		0		0.4		2.40002		1.326221		0
1986		10		16		0		0		0		3.4		2.40002		0.8367158		0.99998
1986		10		17		0		0		0		6.5		2.40002		1.863947		4.09998
1986		10		18		0		0		0		7.4		2.40002		1.613369		4.99998
1986		10		19		0		0		0		1		2.40002		1.575189		0
1986		10		20		0		0		0		0		2.40002		0.974179		0
1986		10		21		0		0		0		0		2.40002		0.7761789		0
1986		10		22		0		0		0		34.1	2.40002		10.05632		31.69998
1986		10		23		0		0		0		14.1	2.40002		11.10799		11.69998
1986		10		24		0		0		0		0.9		2.40002		4.504737		0
1986		10		25		0		0		0		11		2.40002		3.826705		8.59998
1986		10		26		0		0		0		0.5		2.40002		4.561105		0
1986		10		27		0		0		0		1.2		2.40002		2.646285		0
1986		10		28		0		0		0		16.3	2.40002		5.168274		13.89998
1986		10		29		0		0		0		0		2.40002		3.521084		0
1986		10		30		0		0		0		0		2.40002		2.138684		0
1986		10		31		0		0		0		0		2.40002		1.101979		0
1986		11		1		0		0		0		0		2.40002		0.7759895		0
1986		11		2		0		0		0		0		2.99		0.6145579		0
1986		11		3		0		0		0		17.8	2.99		1.526021		14.81
1986		11		4		0		0		0		2.5		2.99		2.209169		0
1986		11		5		0		0		0		0		2.99		0.9839368		0
1986		11		6		0		0		0		0		2.99		0.7005789		0
1986		11		7		0		0		0		0		2.99		0.5494737		0
1986		11		8		0		0		0		0		2.99		0.4349368		0
1986		11		9		0		0		0		6.7		2.99		0.5958947		3.71
1986		11		10		0		0		0		0		2.99		0.5257895		0
1986		11		11		0		0		0		0		2.99		0.3549789		0
1986		11		12		0		0		0		2.3		2.99		0.2370316		0
1986		11		13		0		0		0		16.9	2.99		1.479979		13.91
1986		11		14		0		0		0		12.8	2.99		3.079421		9.81
1986		11		15		0		0		0		5.8		2.99		2.204811		2.81
1986		11		16		0		0		0		0		2.99		0.9837474		0
1986		11		17		0		0		0		0		2.99		0.4806947		0
1986		11		18		0		0		0		0		2.99		0.3232421		0
1986		11		19		0		0		0		8		2.99		0.5644421		5.01
1986		11		20		0		0		0		0		2.99		0.4644947		0
1986		11		21		0		0		0		0		2.99		0.2669684		0
1986		11		22		0		0		0		0		2.99		0.2197895		0
1986		11		23		0		0		0		0		2.99		0.1450421		0
1986		11		24		0		0		0		10.1	2.99		0.4530316		7.11
1986		11		25		0		0		0		12.7	2.99		1.695221		9.71
1986		11		26		0		0		0		0.6		2.99		0.8919474		0
1986		11		27		0		0		0		0.3		2.99		0.2919789		0
1986		11		28		0		0		0		3.7		2.99		0.2235789		0.71
1986		11		29		0		0		0		7.9		2.99		0.3365053		4.91
1986		11		30		0		0		0		13.4	2.99		1.787116		10.41
1986		12		1		0		0		0		9.8		2.99		1.406558		6.81
1986		12		2		0		0		0		0		3.69		0.9129789		0
1986		12		3		0		0		0		0.2		3.69		0.3095052		0
1986		12		4		0		0		0		0		3.69		0.2094632		0
1986		12		5		0		0		0		0		3.69		0.1652211		0
1986		12		6		0		0		0		0		3.69		0.1329158		0
1986		12		7		0		0		0		0		3.69		0.1077158		0
1986		12		8		0		0		0		0		3.69		0.05418948		0
1986		12		9		0		0		0		0		3.69		0.00981052		0
1986		12		10		0		0		0		0		3.69		0.0024			0
1986		12		11		0		0		0		0		3.69		0.0024			0
1986		12		12		0		0		0		0		3.69		0.0024			0
1986		12		13		0		0		0		0		3.69		0.0024			0
1986		12		14		0		0		0		0		3.69		0.0024			0
1986		12		15		0		0		0		13.2	3.69		0.05617895		9.51
1986		12		16		0		0		0		1.3		3.69		0.09341053		0
1986		12		17		0		0		0		10.2	3.69		0.00719473		6.51
1986		12		18		0		0		0		0.4		3.69		0.0024			0
1986		12		19		0		0		0		0		3.69		0.0024			0
1986		12		20		0		0		0		5.5		3.69		0.0024			1.81
1986		12		21		0		0		0		0.7		3.69		0.09512633		0
1986		12		22		0		0		0		28.3	3.69		1.727432		24.61
1986		12		23		0		0		0		5.4		3.69		2.866926		1.71
1986		12		24		0		0		0		13		3.69		1.904495		9.31
1986		12		25		0		0		0		9.4		3.69		1.252421		5.71
1986		12		26		0		0		0		7.9		3.69		2.665326		4.21
1986		12		27		0		0		0		1.6		3.69		0.9065368		0
1986		12		28		0		0		0		0		3.69		0.3822632		0
1986		12		29		0		0		0		0		3.69		0.2119263		0
1986		12		30		0		0		0		47.5	3.69		16.58435		43.81
1986		12		31		0		0		0		14.8	3.69		10.20543		11.11
1987		1		1		0		0		0		0		3.69		3.195287		0
1987		1		2		0		0		0		0		3.83002		1.04291			0
1987		1		3		0		0		0		0		3.83002		0.47572			0
1987		1		4		0		0		0		0		3.83002		0.28918			0
1987		1		5		0		0		0		0		3.83002		0.2116			0
1987		1		6		0		0		0		0		3.83002		0.13449			0
1987		1		7		0		0		0		0		3.83002		0.0893			0
1987		1		8		0		0		0		0		3.83002		0.05116263		0
1987		1		9		0		0		0		0		3.83002		0.00258421		0
1987		1		10		0		0		0		0		3.83002		0.0024			0
1987		1		11		0		0		0		2.2		3.83002		0.0024			0
1987		1		12		0		0		0		4.5		3.83002		0.0024			0.66998
1987		1		13		0		0		0		0.1		3.83002		0.0024			0
1987		1		14		0		0		0		0.8		3.83002		0.0024			0
1987		1		15		0		0		0		17.5	3.83002		0.03962			13.66998
1987		1		16		0		0		0		91.7	3.83002		34.86991		87.86998
1987		1		17		0		0		0		0.4		3.83002		6.56455			0
1987		1		18		0		0		0		27.1	3.83002		2.22941			23.26998
1987		1		19		0		0		0		29.6	3.83002		26.53076		25.76998
1987		1		20		0		0		0		7.4		3.83002		1.8968			3.56998
1987		1		21		0		0		0		2		3.83002		1.04504			0
1987		1		22		0		0		0		5.8		3.83002		1.0081			1.96998
1987		1		23		0		0		0		40.2	3.83002		15.92499		36.36998
1987		1		24		0		0		0		42.4	3.83002		27.82889		38.56998
1987		1		25		0		0		0		5.7		3.83002		13.89204		1.86998
1987		1		26		0		0		0		6.1		3.83002		4.68693			2.26998
1987		1		27		0		0		0		2.6		3.83002		3.2985			0
1987		1		28		0		0		0		0		3.83002		1.85496			0
1987		1		29		0		0		0		52.6	3.83002		23.02734		48.76998
1987		1		30		0		0		0		0		3.83002		10.91222		0
1987		1		31		0		0		0		0		3.83002		2.54178			0
1987		2		1		0		0		0		1.6		3.83002		1.37639			0
1987		2		2		0		0		0		0		3.59002		0.93518			0
1987		2		3		0		0		0		2.7		3.59002		0.65521			0
1987		2		4		0		0		0		2.2		3.59002		0.50967			0
1987		2		5		0		0		0		51.8	3.59002		18.54024		48.20998
1987		2		6		0		0		0		7.2		3.59002		5.84281			3.60998
1987		2		7		0		0		0		1.8		3.59002		3.58778			0
1987		2		8		0		0		0		0.5		3.59002		1.67574			0
1987		2		9		0		0		0		0		3.59002		0.93506			0
1987		2		10		0		0		0		0		3.59002		0.57234			0
1987		2		11		0		0		0		0		3.59002		0.41423			0
1987		2		12		0		0		0		0.2		3.59002		0.30127			0
1987		2		13		0		0		0		16.8	3.59002		0.93645			13.20998
1987		2		14		0		0		0		9.3		3.59002		1.98418			5.70998
1987		2		15		0		0		0		0.5		3.59002		0.76386			0
1987		2		16		0		0		0		0		3.59002		0.40465			0
1987		2		17		0		0		0		0		3.59002		0.35258			0
1987		2		18		0		0		0		2.9		3.59002		0.33629			0
1987		2		19		0		0		0		10.4	3.59002		1.1145			6.80998
1987		2		20		0		0		0		0		3.59002		0.37039			0
1987		2		21		0		0		0		0		3.59002		0.29671			0
1987		2		22		0		0		0		0		3.59002		0.17745			0
1987		2		23		0		0		0		0.1		3.59002		0.12888			0
1987		2		24		0		0		0		49.8	3.59002		13.59666		46.20998
1987		2		25		0		0		0		0		3.59002		2.44479			0
1987		2		26		0		0		0		0		3.59002		0.91889			0
1987		2		27		0		0		0		0.2		3.59002		0.6333			0
1987		2		28		0		0		0		8.4		3.59002		1.02326			4.80998
1987		3		1		0		0		0		2.5		3.59002		0.55342			0
1987		3		2		0		0		0		0		2.82		0.38575			0
1987		3		3		0		0		0		5.5		2.82		0.55107			2.68
1987		3		4		0		0		0		0		2.82		0.4354			0
1987		3		5		0		0		0		0		2.82		0.32009			0
1987		3		6		0		0		0		0		2.82		0.28637			0
1987		3		7		0		0		0		0		2.82		0.22709			0
1987		3		8		0		0		0		0		2.82		0.16267			0
1987		3		9		0		0		0		0		2.82		0.17453			0
1987		3		10		0		0		0		23.9	2.82		1.18342			21.08
1987		3		11		0		0		0		17.2	2.82		8.62975			14.38
1987		3		12		0		0		0		8.1		2.82		2.47768			5.28
1987		3		13		0		0		0		0.2		2.82		2.13459			0
1987		3		14		0		0		0		4		2.82		1.20678			1.18
1987		3		15		0		0		0		0		2.82		0.93789			0
1987		3		16		0		0		0		0		2.82		0.66716			0
1987		3		17		0		0		0		1.7		2.82		0.50928			0
1987		3		18		0		0		0		0.6		2.82		0.4703			0
1987		3		19		0		0		0		0		2.82		0.42494			0
1987		3		20		0		0		0		0		2.82		0.19239			0
1987		3		21		0		0		0		0		2.82		0.19915			0
1987		3		22		0		0		0		0		2.82		0.33882			0
1987		3		23		0		0		0		0		2.82		0.19811			0
1987		3		24		0		0		0		4.4		2.82		0.27771			1.58
1987		3		25		0		0		0		5.1		2.82		0.63866			2.28
1987		3		26		0		0		0		21		2.82		2.54158			18.18
1987		3		27		0		0		0		0		2.82		1.68748			0
1987		3		28		0		0		0		0		2.82		0.61749			0
1987		3		29		0		0		0		0		2.82		0.43022			0
1987		3		30		0		0		0		0.1		2.82		0.38426			0
1987		3		31		0		0		0		25.4	2.82		2.31368			22.58
1987		4		1		0		0		0		50.4	2.82		35.01164		47.58
1987		4		2		0		0		0		5		1.88998		13.53811		3.11002
1987		4		3		0		0		0		1		1.88998		6.06515			0
1987		4		4		0		0		0		1.7		1.88998		4.04138			0
1987		4		5		0		0		0		0.4		1.88998		2.56349			0
1987		4		6		0		0		0		0		1.88998		1.86203			0
1987		4		7		0		0		0		0		1.88998		1.5586			0
1987		4		8		0		0		0		0		1.88998		1.49634			0
1987		4		9		0		0		0		5.9		1.88998		0.93371			4.01002
1987		4		10		0		0		0		38.2	1.88998		17.32405		36.31002
1987		4		11		0		0		0		0		1.88998		5.66009			0
1987		4		12		0		0		0		0		1.88998		2.52218			0
1987		4		13		0		0		0		0		1.88998		1.4789			0
1987		4		14		0		0		0		0		1.88998		1.11485			0
1987		4		15		0		0		0		0		1.88998		0.90688			0
1987		4		16		0		0		0		0		1.88998		0.65212			0
1987		4		17		0		0		0		0		1.88998		0.51578			0
1987		4		18		0		0		0		0		1.88998		0.43928			0
1987		4		19		0		0		0		0		1.88998		0.44423			0
1987		4		20		0		0		0		0		1.88998		0.31563			0
1987		4		21		0		0		0		26.1	1.88998		0.87669			24.21002
1987		4		22		0		0		0		79.8	1.88998		52.99665		77.91002
1987		4		23		0		0		0		3.4		1.88998		10.38827		1.51002
1987		4		24		0		0		0		27.9	1.88998		8.99741			26.01002
1987		4		25		0		0		0		0.1		1.88998		1.91342			0
1987		4		26		0		0		0		1.8		1.88998		0.74801			0
1987		4		27		0		0		0		1.1		1.88998		0.42163			0
1987		4		28		0		0		0		0.2		1.88998		0.5926			0
1987		4		29		0		0		0		4.3		1.88998		1.55006			2.41002
1987		4		30		0		0		0		0		1.88998		1.39462			0
1987		5		1		0		0		0		26		1.88998		4.59651			24.11002
1987		5		2		0		0		0		22.6	1.23		25.96472		21.37
1987		5		3		0		0		0		0		1.23		3.45395			0
1987		5		4		0		0		0		0		1.23		1.87315			0
1987		5		5		0		0		0		32		1.23		10.837			30.77
1987		5		6		0		0		0		1.1		1.23		7.38977			0
1987		5		7		0		0		0		0.8		1.23		4.06283			0
1987		5		8		0		0		0		0		1.23		2.77199			0
1987		5		9		0		0		0		0		1.23		1.85229			0
1987		5		10		0		0		0		0		1.23		1.33632			0
1987		5		11		0		0		0		0		1.23		1.07382			0
1987		5		12		0		0		0		0		1.23		0.91695			0
1987		5		13		0		0		0		0		1.23		0.84701			0
1987		5		14		0		0		0		0		1.23		0.72815			0
1987		5		15		0		0		0		0		1.23		0.62643			0
1987		5		16		0		0		0		0		1.23		0.57144			0
1987		5		17		0		0		0		0.3		1.23		0.56903			0
1987		5		18		0		0		0		23.2	1.23		3.78577			21.97
1987		5		19		0		0		0		24.7	1.23		9.09449			23.47
1987		5		20		0		0		0		36.2	1.23		29.38649		34.97
1987		5		21		0		0		0		0		1.23		9.41286			0
1987		5		22		0		0		0		0.9		1.23		4.38739			0
1987		5		23		0		0		0		0		1.23		2.85751			0
1987		5		24		0		0		0		0		1.23		1.97051			0
1987		5		25		0		0		0		0		1.23		1.48966			0
1987		5		26		0		0		0		0		1.23		1.26826			0
1987		5		27		0		0		0		0		1.23		1.11419			0
1987		5		28		0		0		0		0		1.23		0.95348			0
1987		5		29		0		0		0		71.8	1.23		31.8733			70.57
1987		5		30		0		0		0		1.6		1.23		14.74569		0.37
1987		5		31		0		0		0		12		1.23		4.56725			10.77
1987		6		1		0		0		0		33.3	1.23		20.91315		32.07
1987		6		2		0		0		0		5.6		0.9			12.09813		4.7
1987		6		3		0		0		0		3		0.9			4.63029			2.1
1987		6		4		0		0		0		13.2	0.9			6.03872			12.3
1987		6		5		0		0		0		20.5	0.9			17.03891		19.6
1987		6		6		0		0		0		0.2		0.9			7.2608			0
1987		6		7		0		0		0		0		0.9			4.00391			0
1987		6		8		0		0		0		0		0.9			2.90812			0
1987		6		9		0		0		0		0		0.9			2.09821			0
1987		6		10		0		0		0		0		0.9			1.60785			0
1987		6		11		0		0		0		0		0.9			1.28592			0
1987		6		12		0		0		0		0		0.9			1.08207			0
1987		6		13		0		0		0		0		0.9			0.99007			0
1987		6		14		0		0		0		3.3		0.9			0.91064			2.4
1987		6		15		0		0		0		75.2	0.9			42.20661		74.3
1987		6		16		0		0		0		16.4	0.9			17.60823		15.5
1987		6		17		0		0		0		0		0.9			7.09072			0
1987		6		18		0		0		0		0.3		0.9			3.84012			0
1987		6		19		0		0		0		0.3		0.9			2.83385			0
1987		6		20		0		0		0		13.6	0.9			4.73262			12.7
1987		6		21		0		0		0		0.5		0.9			3.85475			0
1987		6		22		0		0		0		0		0.9			2.77343			0
1987		6		23		0		0		0		0		0.9			2.0324			0
1987		6		24		0		0		0		0		0.9			1.45182			0
1987		6		25		0		0		0		1.1		0.9			1.24946			0.2
1987		6		26		0		0		0		0.5		0.9			1.15101			0
1987		6		27		0		0		0		0.7		0.9			1.01535			0
1987		6		28		0		0		0		2.5		0.9			0.88973			1.6
1987		6		29		0		0		0		0		0.9			0.794			0
1987		6		30		0		0		0		38.5	0.9			12.84787		37.6
1987		7		1		0		0		0		8.3		0.9			11.40914		7.4
1987		7		2		0		0		0		0.8		0.97		4.02259			0
1987		7		3		0		0		0		0		0.97		2.83336			0
1987		7		4		0		0		0		0		0.97		2.02656			0
1987		7		5		0		0		0		0.8		0.97		1.65824			0
1987		7		6		0		0		0		0		0.97		1.23281			0
1987		7		7		0		0		0		0		0.97		1.00575			0
1987		7		8		0		0		0		2.1		0.97		0.88427			1.13
1987		7		9		0		0		0		3.7		0.97		1.35555			2.73
1987		7		10		0		0		0		5.2		0.97		1.69951			4.23
1987		7		11		0		0		0		0		0.97		1.28106			0
1987		7		12		0		0		0		0		0.97		0.99745			0
1987		7		13		0		0		0		0		0.97		2.84964			0
1987		7		14		0		0		0		0		0.97		4.8929			0
1987		7		15		0		0		0		0		0.97		3.19505			0
1987		7		16		0		0		0		0		0.97		2.34531			0
1987		7		17		0		0		0		0		0.97		1.73847			0
1987		7		18		0		0		0		0.4		0.97		1.3406			0
1987		7		19		0		0		0		1.7		0.97		1.23502			0.73
1987		7		20		0		0		0		2.3		0.97		1.0208			1.33
1987		7		21		0		0		0		21.5	0.97		3.78142			20.53
1987		7		22		0		0		0		7.6		0.97		6.25261			6.63
1987		7		23		0		0		0		1.8		0.97		5.59176			0.83
1987		7		24		0		0		0		0		0.97		3.44291			0
1987		7		25		0		0		0		0		0.97		2.43191			0
1987		7		26		0		0		0		0		0.97		1.82245			0
1987		7		27		0		0		0		0		0.97		1.41245			0
1987		7		28		0		0		0		1.1		0.97		1.07416			0.13
1987		7		29		0		0		0		5.6		0.97		1.37756			4.63
1987		7		30		0		0		0		1.7		0.97		1.21043			0.73
1987		7		31		0		0		0		0		0.97		0.96931			0
1987		8		1		0		0		0		10.6	0.97		1.15955			9.63
1987		8		2		0		0		0		31.8	1.42		15.01369		30.38
1987		8		3		0		0		0		0.3		1.42		5.67845			0
1987		8		4		0		0		0		0		1.42		3.01072			0
1987		8		5		0		0		0		33.9	1.42		10.43981		32.48
1987		8		6		0		0		0		35.9	1.42		33.52786		34.48
1987		8		7		0		0		0		0.6		1.42		7.00606			0
1987		8		8		0		0		0		18		1.42		5.6644			16.58
1987		8		9		0		0		0		0		1.42		4.21935			0
1987		8		10		0		0		0		1.5		1.42		2.68547			0.0800000000000001
1987		8		11		0		0		0		3.6		1.42		2.13014			2.18
1987		8		12		0		0		0		8.2		1.42		2.22924			6.78
1987		8		13		0		0		0		0.7		1.42		2.47737			0
1987		8		14		0		0		0		0		1.42		1.75971			0
1987		8		15		0		0		0		0		1.42		1.39102			0
1987		8		16		0		0		0		0		1.42		1.14638			0
1987		8		17		0		0		0		0		1.42		0.88824			0
1987		8		18		0		0		0		14.1	1.42		2.28449			12.68
1987		8		19		0		0		0		0		1.42		2.04953			0
1987		8		20		0		0		0		0.3		1.42		1.57498			0
1987		8		21		0		0		0		0		1.42		1.26362			0
1987		8		22		0		0		0		30.9	1.42		5.78831			29.48
1987		8		23		0		0		0		28.7	1.42		21.84315		27.28
1987		8		24		0		0		0		0.4		1.42		6.69352			0
1987		8		25		0		0		0		0		1.42		3.12378			0
1987		8		26		0		0		0		1.9		1.42		2.33958			0.48
1987		8		27		0		0		0		8.8		1.42		3.03932			7.38
1987		8		28		0		0		0		0		1.42		2.87544			0
1987		8		29		0		0		0		0		1.42		1.99188			0
1987		8		30		0		0		0		0.5		1.42		1.58002			0
1987		8		31		0		0		0		0.4		1.42		1.27086			0
1987		9		1		0		0		0		0		1.42		0.98823			0
1987		9		2		0		0		0		0		1.88		0.9663			0
1987		9		3		0		0		0		15		1.88		1.74389			13.12
1987		9		4		0		0		0		47.2	1.88		25.19287		45.32
1987		9		5		0		0		0		16.2	1.88		15.10856		14.32
1987		9		6		0		0		0		2.6		1.88		6.45429			0.72
1987		9		7		0		0		0		1.6		1.88		2.93419			0
1987		9		8		0		0		0		4		1.88		2.4191			2.12
1987		9		9		0		0		0		11.3	1.88		2.86659			9.42
1987		9		10		0		0		0		11.9	1.88		9.91804			10.02
1987		9		11		0		0		0		0		1.88		4.77452			0
1987		9		12		0		0		0		35.2	1.88		15.71898		33.32
1987		9		13		0		0		0		16.9	1.88		12.9729			15.02
1987		9		14		0		0		0		12.2	1.88		12.23475		10.32
1987		9		15		0		0		0		6.8		1.88		10.24302		4.92
1987		9		16		0		0		0		4		1.88		5.73177			2.12
1987		9		17		0		0		0		9.9		1.88		6.01872			8.02
1987		9		18		0		0		0		5.7		1.88		6.43566			3.82
1987		9		19		0		0		0		8.3		1.88		6.80699			6.42
1987		9		20		0		0		0		0		1.88		4.87844			0
1987		9		21		0		0		0		0		1.88		3.26411			0
1987		9		22		0		0		0		1.7		1.88		2.33782			0
1987		9		23		0		0		0		12.9	1.88		4.68837			11.02
1987		9		24		0		0		0		1		1.88		2.70583			0
1987		9		25		0		0		0		3.2		1.88		2.21538			1.32
1987		9		26		0		0		0		0		1.88		1.56547			0
1987		9		27		0		0		0		0		1.88		1.31209			0
1987		9		28		0		0		0		0		1.88		1.11806			0
1987		9		29		0		0		0		0		1.88		0.88641			0
1987		9		30		0		0		0		0		1.88		0.7388			0
1987		10		1		0		0		0		26.1	1.88		5.54799			24.22
1987		10		2		0		0		0		0.5		2.40002		5.07053			0
1987		10		3		0		0		0		3.7		2.40002		3.06692			1.29998
1987		10		4		0		0		0		0.9		2.40002		2.68488			0
1987		10		5		0		0		0		0.4		2.40002		2.18666			0
1987		10		6		0		0		0		6.5		2.40002		1.86404			4.09998
1987		10		7		0		0		0		10.3	2.40002		2.45161			7.89998
1987		10		8		0		0		0		33.2	2.40002		12.93564		30.79998
1987		10		9		0		0		0		13.6	2.40002		21.02415		11.19998
1987		10		10		0		0		0		11.7	2.40002		7.74964			9.29998
1987		10		11		0		0		0		26.6	2.40002		16.06392		24.19998
1987		10		12		0		0		0		8.3		2.40002		12.74336		5.89998
1987		10		13		0		0		0		8.9		2.40002		9.04697			6.49998
1987		10		14		0		0		0		96		2.40002		65.32332		93.59998
1987		10		15		0		0		0		5.3		2.40002		17.41748		2.89998
1987		10		16		0		0		0		0		2.40002		6.42143			0
1987		10		17		0		0		0		0		2.40002		3.62888			0
1987		10		18		0		0		0		0		2.40002		2.48911			0
1987		10		19		0		0		0		0		2.40002		1.95508			0
1987		10		20		0		0		0		0		2.40002		1.41403			0
1987		10		21		0		0		0		0		2.40002		1.19477			0
1987		10		22		0		0		0		0		2.40002		0.93333			0
1987		10		23		0		0		0		0		2.40002		0.80079			0
1987		10		24		0		0		0		14.6	2.40002		0.992			12.19998
1987		10		25		0		0		0		9.9		2.40002		4.20306			7.49998
1987		10		26		0		0		0		2.9		2.40002		1.57554			0.49998
1987		10		27		0		0		0		0		2.40002		1.31803			0
1987		10		28		0		0		0		0		2.40002		1.21902			0
1987		10		29		0		0		0		6		2.40002		1.03409			3.59998
1987		10		30		0		0		0		49.6	2.40002		26.44062		47.19998
1987		10		31		0		0		0		0.9		2.40002		5.4046			0
1987		11		1		0		0		0		2.4		2.40002		2.62963			0
1987		11		2		0		0		0		0		2.99		1.77095			0
1987		11		3		0		0		0		0		2.99		1.46781			0
1987		11		4		0		0		0		0		2.99		1.23474			0
1987		11		5		0		0		0		13.7	2.99		1.53175			10.71
1987		11		6		0		0		0		0		2.99		1.55609			0
1987		11		7		0		0		0		0		2.99		0.99162			0
1987		11		8		0		0		0		0		2.99		0.72467			0
1987		11		9		0		0		0		23.9	2.99		2.06427			20.91
1987		11		10		0		0		0		1.7		2.99		2.78534			0
1987		11		11		0		0		0		0.3		2.99		1.3311			0
1987		11		12		0		0		0		0.5		2.99		1.1997			0
1987		11		13		0		0		0		0.6		2.99		1.04347			0
1987		11		14		0		0		0		31.1	2.99		7.5581			28.11
1987		11		15		0		0		0		4.7		2.99		5.9941			1.71
1987		11		16		0		0		0		0		2.99		2.00389			0
1987		11		17		0		0		0		0.2		2.99		1.34652			0
1987		11		18		0		0		0		0		2.99		1.06259			0
1987		11		19		0		0		0		0		2.99		0.88942			0
1987		11		20		0		0		0		0		2.99		0.74434			0
1987		11		21		0		0		0		0		2.99		0.66163			0
1987		11		22		0		0		0		0		2.99		0.52187			0
1987		11		23		0		0		0		6.8		2.99		0.43704			3.81
1987		11		24		0		0		0		0		2.99		0.52927			0
1987		11		25		0		0		0		0.6		2.99		0.3904			0
1987		11		26		0		0		0		1		2.99		0.3295			0
1987		11		27		0		0		0		23.8	2.99		2.07389			20.81
1987		11		28		0		0		0		17.7	2.99		6.17611			14.71
1987		11		29		0		0		0		33.7	2.99		11.25298		30.71
1987		11		30		0		0		0		24.1	2.99		17.68832		21.11
1987		12		1		0		0		0		5.9		2.99		9.47027			2.91
1987		12		2		0		0		0		1.2		3.69		5.18401			0
1987		12		3		0		0		0		5.7		3.69		2.92453			2.01
1987		12		4		0		0		0		22.7	3.69		12.01523		19.01
1987		12		5		0		0		0		0.7		3.69		5.53726			0
1987		12		6		0		0		0		4.6		3.69		3.0749			0.91
1987		12		7		0		0		0		6.1		3.69		2.97201			2.41
1987		12		8		0		0		0		0		3.69		2.19386			0
1987		12		9		0		0		0		22.7	3.69		8.59955			19.01
1987		12		10		0		0		0		14.6	3.69		12.53887		10.91
1987		12		11		0		0		0		3		3.69		8.00948			0
1987		12		12		0		0		0		0		3.69		4.46507			0
1987		12		13		0		0		0		0		3.69		2.94923			0
1987		12		14		0		0		0		0		3.69		2.22147			0
1987		12		15		0		0		0		0		3.69		1.83719			0
1987		12		16		0		0		0		0.1		3.69		1.40083			0
1987		12		17		0		0		0		0.5		3.69		0.7808			0
1987		12		18		0		0		0		3.5		3.69		0.85857			0
1987		12		19		0		0		0		0		3.69		0.64114			0
1987		12		20		0		0		0		4.7		3.69		0.6499			1.01
1987		12		21		0		0		0		0		3.69		0.73868			0
1987		12		22		0		0		0		0		3.69		0.3231			0
1987		12		23		0		0		0		0		3.69		0.23622			0
1987		12		24		0		0		0		90.4	3.69		35.82437		86.71
1987		12		25		0		0		0		1.1		3.69		6.46999			0
1987		12		26		0		0		0		48.4	3.69		22.83551		44.71
1987		12		27		0		0		0		28.9	3.69		21.8455			25.21
1987		12		28		0		0		0		2		3.69		9.19757			0
1987		12		29		0		0		0		0		3.69		3.04245			0
1987		12		30		0		0		0		0.3		3.69		1.52329			0
1987		12		31		0		0		0		0.6		3.69		1.1811			0
